36.66269942
35.8069965
33.95618524
39.16646456
34.96025963
42.02460909
33.72954892
38.31240691
35.86799779
33.31581122
32.36671279
33.04418475
32.90202311
28.76505791
33.87135979
28.65600944
35.43453392
33.88860987
31.29454724
37.50910204
31.41011675
36.23964966
34.4757972
33.29186965
35.47705188
29.31411252
29.25884239
32.49027027
29.15998662
36.28595556
36.30967945
31.88695355
33.41727502
34.25651777
34.03762666
30.86918226
29.55100042
30.78703816
31.5045553
31.97963983
30.20817288
32.19068217
31.6039394
30.24170824
34.67758981
42.42223084
49.85198836
60.58160457
70.60276278
83.5844868
88.61974373
89.13482514
89.74468542
81.39841309
86.18110916
91.1693145
93.74315723
95.61695112
95.3111825
95.32445564
92.89384366
91.11513765
84.74849327
84.45829618
86.26321457
78.98213206
85.35140145
84.05521865
91.82305654
94.2952451
92.84227248
92.58515222
95.37501916
95.97522289
94.1595103
94.2662356
94.991461
95.32660645
92.43899098
93.40483783
92.9544055
95.07515989
94.64164475
95.17366663
93.29216315
90.34920239
89.77668834
87.84037097
85.35805413
84.06539132
87.3593277
90.95623265
91.71057079
94.3950682
94.43660063
95.65221066
92.78561012
91.54293839
85.82915197
86.29935708
85.58252452
84.89697591
84.37164859
84.7573503
87.43796417
86.59143826
83.91687356
86.83689832
86.05280232
81.55255838
78.67624224
74.01271623
65.66486275
65.35055472
57.43524615
56.07102614
59.34010825
56.91318308
71.76916424
85.7355236
91.24347587
92.12258995
94.95793665
92.862043
94.97425014
93.80874243
96.45390312
96.0051119
93.94458902
93.84117199
95.21797519
94.21184032
91.98748182
93.16119539
91.11034098
92.98555654
93.5646094
93.50951434
92.26968663
91.14943353
86.27667345
81.1633804
84.78274244
89.563428
88.49601553
84.67419108
72.22985451
68.09031719
52.27976668
47.00839754
34.37831091
33.85978558
35.80714052
31.70105983
34.3014785
34.42065433
33.93470528
34.55013786
32.17316771
34.15643751
33.32885371
32.8179533
28.82804428
30.96599301
35.62375076
34.01857421
34.41580831
49.79666681
65.37396412
89.2330892
94.8275166
96.98191657
97.26581649
98.1383975
98.32458921
98.10721075
98.3233114
97.87053843
97.72518432
98.55576667
98.27699557
97.66235202
96.12947005
97.41944364
97.91402
98.35788248
97.34939049
97.60684862
98.44046521
98.40003
98.2221551
98.48128452
98.65825781
98.28676588
98.49402435
98.54682902
98.26004841
97.98452581
98.21764438
97.38710072
95.42777415
96.07127262
93.63787215
91.22796221
93.08819715
90.97589647
91.6904574
95.12484375
95.88030243
94.29891075
97.0092115
98.29734816
97.90358282
97.90006853
98.51535222
98.63557514
98.5982193
98.46825094
98.43115487
98.54498044
98.05038898
97.42095371
95.883044
96.05036829
97.53698613
97.12364408
95.34024423
96.52767459
97.56283634
96.46595854
95.7204501
95.77630874
94.41434823
93.49961662
96.74710664
96.64813636
96.15677772
96.80428529
94.29838154
95.43138837
95.36510718
97.96844039
98.01560108
97.42491677
97.84658285
98.25797405
98.06177107
97.52510978
97.79114199
96.77718588
95.87148722
94.2796866
93.73032096
94.37809662
96.99531241
96.93948696
97.03758246
98.09046121
98.01770432
98.286518
98.29376819
98.11719085
98.02109523
97.81942989
97.9382052
97.48928139
98.34318775
98.44383543
98.2893693
98.23325569
97.83170096
98.13668598
98.44086112
97.47631533
97.40287341
98.13125728
96.95917057
95.78424814
97.49229893
94.10366484
93.81045785
94.45604161
97.0669665
97.19701557
96.57793946
96.25300278
98.05023643
97.28832855
97.17155433
97.04251648
97.26660036
98.02035471
97.7386552
97.78282236
97.74343733
96.85242152
97.41436611
97.80280222
95.93781756
95.73328812
97.00943977
95.16081677
95.3770186
96.24784985
95.43543378
96.82144947
96.88519548
96.50557963
97.0818565
97.70232881
97.71557821
98.01400479
97.96704696
97.99815502
97.69720428
97.83639467
97.82248418
96.71452846
97.51882101
97.46222314
96.45155377
95.10964422
95.65292123
97.64889805
97.79010033
97.21200592
97.0824318
97.98238398
98.26801177
97.91951596
97.97859575
98.45384816
98.32889258
97.99170964
97.80803924
98.54088753
98.55014558
97.98741269
98.21431197
98.00218611
97.6659221
97.06469258
96.18930449
95.72063011
94.79041892
94.01547367
96.80364041
97.58107876
98.43136431
98.55967708
98.71457148
98.5706359
97.93089162
98.1726243
98.61888239
98.62480211
98.6359175
98.18461154
98.23333515
97.45682331
97.3726167
96.23730478
94.79081103
97.38041941
98.48917862
98.57690826
98.76973349
98.46129331
98.31706921
97.3630686
95.68993572
92.85136209
85.23615711
83.00972055
82.82426942
83.89630298
86.46195568
86.99166764
89.39319852
93.47577149
96.69554906
97.36489597
97.4618415
97.61994748
98.19543988
98.05364277
97.9991352
98.31203895
98.40280382
97.89443743
97.91204559
97.23822081
97.3418386
98.02545149
98.31822579
98.38398635
98.54266847
98.15587315
97.2315675
97.118114
95.92101983
95.46413889
94.96812054
94.4714031
93.69491567
93.20021456
89.82332353
91.40825813
93.63933475
93.87600621
92.28016235
87.82304677
75.68899786
78.20560561
70.02957522
66.20193729
69.01186987
76.90659806
88.96001914
94.6844419
95.62987551
97.09612156
96.95323596
97.68147991
97.21590933
97.92534689
98.65930386
98.56926441
98.23299938
97.76841944
96.25639587
92.93201038
91.28045052
91.89144808
90.07551483
82.33993998
68.56012797
67.37183953
58.97610624
53.96927786
52.66334591
51.89480915
54.93303608
62.90658922
80.09220849
88.10258723
92.47141216
96.00946901
97.14062642
98.43964528
98.50851616
98.507014
98.68624982
98.36681955
98.45445296
97.94249272
97.29220278
95.71014441
95.61051303
95.50789799
94.84907146
95.97686089
97.02789255
98.34908069
97.60958768
97.49153696
98.33578202
97.88825999
96.29409813
97.10085967
98.18347253
95.47257015
97.17097183
94.85214947
96.96241437
97.77970748
96.39509593
95.08722512
96.8740454
97.02394274
96.03488457
95.41972374
97.59432754
97.32939095
95.82735962
95.69984697
97.52568649
97.51527506
96.9456631
97.78015813
96.75057426
96.32712074
95.59195101
95.397911
96.07422457
96.55003779
97.40738916
97.99520832
98.24404585
96.87431251
97.1069363
97.28708123
96.82754019
97.72256833
97.85901907
97.87263915
97.57851479
97.7875013
97.54360622
98.39643704
98.59202627
98.66317277
98.66266045
98.62149528
98.69158408
98.60209237
98.50086072
98.39860372
98.09361481
98.28573565
97.41229796
98.50132433
98.29054363
98.61435882
98.65008549
98.53919926
98.65372041
98.61462859
98.56129567
97.82747822